1 -0.0102089 -0.0028585
2 -0.0294768 -0.00825352
3 -0.0351152 -0.0143464
4 -0.0283994 -0.00795534
5 -0.0280506 -0.00785767
6 -0.0280506 -0.00785767
7 -0.0280506 -0.00786048
8 -0.0280506 -0.00786048
9 -0.0280506 -0.00786048
10 -0.0278854 -0.00781422
11 -0.0222446 -0.00398298
12 -0.0259986 -0.00729039
13 -0.0246116 -0.00579482
14 -0.0144344 -0.00405487
15 -0.0253831 -0.015882
16 0.0502652 0.0140585
17 0.154114 0.12623
18 0.178372 0.0693687
19 0.14347 0.0401891
20 0.0871398 -0.0206387
21 0.01792 0.0050438
22 0.0711267 0.0625142
23 0.0654151 0.0183495
24 0.0199614 -0.0307385
25 -0.0357759 -0.00998193
26 -0.0958762 -0.02681
27 -0.149021 -0.0842212
28 -0.189145 -0.0529401
29 -0.211488 -0.0770919
30 -0.221634 -0.0620581
31 -0.220381 -0.0607275
32 -0.21 -0.0588227
33 -0.195906 -0.0436215
34 -0.179511 -0.0503054
35 -0.162833 -0.0323099
36 -0.147407 -0.0413325
37 -0.214958 -0.11431
38 -0.319323 -0.0894906
39 -0.344893 -0.117141
40 -0.317511 -0.0890176
41 -0.25193 -0.0182156
42 -0.182197 -0.051155
43 -0.234646 -0.107824
44 -0.220552 -0.0619178
45 -0.174914 -0.0126461
46 -0.106664 -0.0300468
47 -0.0409809 0.0408872
48 0.0224345 0.00609678
49 0.0799053 0.0681732
50 0.120801 0.0663763
51 0.146343 0.061259
52 0.165023 0.0460563
53 0.175964 0.0578904
54 0.144957 0.0404555
55 0.144441 0.040311
56 0.143962 0.0401767
57 0.14383 0.0400485
58 0.143872 0.0401661
59 0.144387 0.0403101
60 0.144401 0.0403141
61 0.144438 0.0403244
62 0.144437 0.0403383
63 0.144332 0.0403091
64 0.13895 0.0345113
65 0.112602 0.010371
66 0.0933904 0.0260707
67 0.105821 0.0395066
68 0.0881068 0.0246019
69 0.0773224 0.0129625
70 0.0749402 0.020923
71 0.0791598 0.0254881
72 0.0858585 0.023988
73 0.0951974 0.0340835
74 0.104857 0.0293171
75 0.11265 0.0377446
76 0.114088 0.031913
77 0.0406672 -0.0473772
78 0.00562713 0.00154807
79 -0.00142413 -0.00606743
80 0.0112973 0.00313557
81 0.0363567 0.0302033
82 0.0650039 0.0181771
83 0.137346 0.0963207
84 0.223029 0.0624378
85 0.0629132 -0.110481
86 0.172904 0.0484092
87 0.212294 0.0909719
88 0.0561251 0.0157322
89 0.141638 0.108101
90 0.192797 0.0540145
91 0.0498411 -0.100373
92 0.112774 0.0316131
93 0.151826 0.0738041
94 0.167257 0.0468835
95 0.16429 0.043696
96 0.151387 0.0424563
97 0.132384 0.0219461
98 0.126583 0.0355243
99 0.141254 0.0513841
100 0.0989711 0.0278072
101 0.0810736 0.00848609
102 0.0731474 0.0205847
103 0.0923903 0.0413763
104 0.0556295 0.015689
105 0.0445229 0.00369822
106 0.0409685 0.0115883
107 0.0514993 0.0229668
108 0.0313288 0.00889436
109 0.0283061 0.008048
110 0.0316884 0.011704
111 0.034807 0.0123698
112 0.0369771 0.0122223
113 0.0367362 0.0104188
114 0.0365297 0.0101994
115 0.0376781 0.0106862
116 0.0362328 0.00912888
117 0.0361462 0.0102608
118 0.0360737 0.0102406
119 0.0360093 0.0102225
120 0.0359605 0.0102089
121 0.0359611 0.0102132
122 0.0359596 0.0102122
123 0.0359591 0.0102121
124 0.0359556 0.0102111
125 0.0359463 0.0102085
126 0.0359453 0.0102082
127 0.0359453 0.0102118
128 0.0350361 0.00995721
129 0.0350374 0.00995758
130 0.0350359 0.00995717
131 0.0350359 0.00995715
132 0.0350355 0.00995706
133 0.0350356 0.00995708
134 0.0350356 0.00995708
135 0.0350356 0.00995708
136 0.0350371 0.00995751
137 0.0350371 0.00995751
138 0.0350371 0.00995749
139 0.0350371 0.00995749
140 0.0350356 0.00995708
141 0.0350356 0.00995708
142 0.0350366 0.00995737
143 0.0350366 0.00995737
144 0.0350366 0.00995737
145 0.0350366 0.00995737
146 0.0350351 0.00995693
147 0.0350351 0.00995693
148 0.035035 0.00995692
149 0.035035 0.00995692
150 0.035035 0.00995692
151 0.035035 0.00995692
152 0.0350333 0.00995644
153 0.0350362 0.00995724
154 0.0350362 0.00995724
155 0.0350383 0.00995784
156 0.0350384 0.00995786
157 0.0350384 0.00995786
158 0.0350382 0.00995781
159 0.0350382 0.00995781
160 0.0350382 0.00995781
161 0.0350381 0.00995777
162 0.0350379 0.00995773
163 0.0350379 0.00995773
164 0.0350379 0.00995773
165 0.0350369 0.00995745
166 0.0350369 0.00995745
167 0.0350368 0.00995741
168 0.0350368 0.00995741
169 0.0350379 0.00995771
170 0.0350379 0.00995771
171 0.0350379 0.00995771
172 0.0350365 0.00995733
173 0.0350365 0.00995733
174 0.0350355 0.00995981
175 0.0350355 0.00996057
176 0.0350355 0.00996057
177 0.0350369 0.00996095
178 0.0350349 0.0099604
179 0.0350349 0.0099604
180 0.035035 0.0099604
181 0.0350346 0.00996029
182 0.0350343 0.00996023
183 0.0350343 0.00996023
184 0.0350328 0.0099598
185 0.0350328 0.0099598
186 0.0350328 0.0099598
187 0.0350341 0.00996016
188 0.0350341 0.00996016
189 0.0350341 0.00996016
190 0.0350341 0.00996017
191 0.0350341 0.00996017
192 0.0350339 0.0099601
193 0.0350339 0.0099601
194 0.035034 0.00996013
195 0.035034 0.00996013
196 0.035034 0.00996013
197 0.035034 0.00996013
198 0.0350353 0.00996049
199 0.0350353 0.00996049
200 0.0350351 0.00996044
201 0.0350351 0.00996044
202 0.0350335 0.00996
203 0.0350312 0.00995936
204 0.0350313 0.00995937
205 0.0350313 0.00995937
206 0.0350314 0.00995941
207 0.0350313 0.00995938
208 0.0350313 0.00995938
209 0.0350325 0.0099597
210 0.0350325 0.0099597
211 0.0350323 0.00995966
212 0.0350323 0.00995966
213 0.0350295 0.00995886
214 0.0350295 0.00995886
215 0.0350295 0.00995886
216 0.0350307 0.00995921
217 0.0350307 0.00995921
218 0.0350307 0.00995921
219 0.0350308 0.00995923
220 0.0350308 0.00995923
221 0.0350307 0.0099592
222 0.0350307 0.0099592
223 0.035029 0.00996095
224 0.035029 0.00996225
225 0.035029 0.00996225
226 0.0350304 0.00996262
227 0.0350304 0.00996262
228 0.0350304 0.00996262
229 0.0350304 0.00996262
230 0.0350304 0.00996262
231 0.0350289 0.0099622
232 0.0350263 0.00996147
233 0.0350263 0.00996147
234 0.0350265 0.00996155
235 0.0350265 0.00996155
236 0.0350265 0.00996155
237 0.0350274 0.00996179
238 0.0350274 0.00996179
239 0.0350272 0.00996174
240 0.0350242 0.0099609
241 0.0350241 0.00996088
242 0.035024 0.00996083
243 0.035024 0.00996083
244 0.0350252 0.00996117
245 0.0350252 0.00996117
246 0.0350252 0.00996117
247 0.0350251 0.00996114
248 0.0350251 0.00996114
249 0.0350249 0.00996108
250 0.0350249 0.00996108
251 0.0350249 0.00996108
252 0.0350237 0.00996075
253 0.0350237 0.00996075
254 0.0350237 0.00996075
255 0.0350237 0.00996075
256 0.0350261 0.00996142
257 0.0350226 0.00996045
258 0.0350226 0.00996045
259 0.0350212 0.00996006
260 0.0350226 0.00996044
261 0.0350225 0.00996042
262 0.0350225 0.00996042
263 0.0350236 0.00996071
264 0.0350236 0.00996071
265 0.0350236 0.00996071
266 0.0350219 0.00996024
267 0.0350179 0.00995912
268 0.0350178 0.00995911
269 0.0350157 0.00995852
270 0.0350167 0.00995879
271 0.0350167 0.00996229
272 0.0350167 0.00996229
273 0.0350152 0.00996187
274 0.0350152 0.00996187
275 0.0350161 0.00996212
276 0.0350161 0.00996212
277 0.0350161 0.00996212
278 0.0350158 0.00996205
279 0.0350112 0.00996075
280 0.0350111 0.00996072
281 0.0350132 0.00996131
282 0.035013 0.00996125
283 0.035013 0.00996125
284 0.0350087 0.00996006
285 0.0350087 0.00996006
286 0.0350095 0.00996028
287 0.0350078 0.00995981
288 0.0350078 0.00995981
289 0.0350077 0.00995979
290 0.0350077 0.00995979
291 0.0350075 0.00995972
292 0.0350075 0.00995972
293 0.0350013 0.00995799
294 0.0350039 0.0099587
295 0.0350051 0.00995906
296 0.0350051 0.00995905
297 0.0350051 0.00995905
298 0.0350049 0.00995898
299 0.0350049 0.00995898
300 0.0349977 0.00995698
301 0.034996 0.00995651
302 0.0349933 0.00995573
303 0.0349933 0.00995573
304 0.0349931 0.0099557
305 0.0349931 0.0099557
306 0.0349941 0.00995597
307 0.0349941 0.00995597
308 0.0349939 0.0099559
309 0.0349939 0.0099559
310 0.0349923 0.00995545
311 0.034984 0.00995315
312 0.034984 0.00995315
313 0.034985 0.00995342
314 0.0349834 0.00995296
315 0.0349834 0.00995297
316 0.0349834 0.00995297
317 0.0349834 0.00995297
318 0.0349833 0.00995636
319 0.0349833 0.00995644
320 0.0349844 0.00995676
321 0.0349844 0.00995676
322 0.0349828 0.00995629
323 0.0349828 0.00995629
324 0.0349828 0.00995629
325 0.0349825 0.0099562
326 0.0349825 0.0099562
327 0.0349819 0.00995605
328 0.0349819 0.00995605
329 0.0349819 0.00995605
330 0.0349828 0.00995631
331 0.0349828 0.00995631
332 0.0349828 0.00995631
333 0.0349824 0.0099562
334 0.0349824 0.0099562
335 0.0349791 0.00995527
336 0.0349791 0.00995527
337 0.0349788 0.00995518
338 0.0349788 0.00995518
339 0.0349797 0.00995543
340 0.0349797 0.00995543
341 0.0349797 0.00995543
342 0.0349778 0.00995491
343 0.034979 0.00995523
344 0.034979 0.00995523
345 0.0349695 0.00995258
346 0.034968 0.00995216
347 0.0349638 0.00995099
348 0.0349638 0.00995099
349 0.0349634 0.00995086
350 0.0349723 0.00995336
351 0.0349718 0.00995322
352 0.0349718 0.00995322
353 0.0349718 0.00995322
354 0.0349718 0.00995322
355 0.0349718 0.00995322
356 0.034972 0.00995329
357 0.0349594 0.00994975
358 0.0349594 0.00994975
359 0.0349603 0.00995001
360 0.0350194 0.00996654
361 0.0350189 0.0099664
362 0.0303379 0.00865572
363 0.0303362 0.00865525
364 0.0303362 0.00865525
365 0.0303377 0.00865995
366 0.0303387 0.00865899
367 0.0303387 0.00865899
368 0.0303387 0.00865899
369 0.0303385 0.00865893
370 0.0303382 0.00865886
371 0.0303382 0.00865886
372 0.0303364 0.00865833
373 0.0303364 0.00865833
374 0.0303364 0.00865833
375 0.0303361 0.00865825
376 0.0303225 0.00865446
377 0.0303205 0.00865391
378 0.03032 0.00865375
379 0.0303194 0.0086536
380 0.0303194 0.0086536
381 0.0303191 0.00865351
382 0.0303191 0.00865351
383 0.0303193 0.00865355
384 0.0303193 0.00865355
385 0.0303173 0.00865301
386 0.0303173 0.00865301
387 0.0303173 0.00865301
388 0.0303184 0.0086533
389 0.0303184 0.0086533
390 0.0303184 0.0086533
391 0.0303184 0.0086533
392 0.0303184 0.0086533
393 0.0303184 0.0086533
394 0.0303184 0.0086533
395 0.0303176 0.00865307
396 0.0303032 0.00864904
397 0.0303032 0.00864904
398 0.0303013 0.00864852
399 0.0303023 0.00864879
400 0.0303029 0.00864897
401 0.0303029 0.00864897
402 0.0303029 0.00864897
403 0.0303041 0.00864929
404 0.0303041 0.00864929
405 0.0303045 0.0086494
406 0.0303045 0.0086494
407 0.0303048 0.0086495
408 0.0303048 0.0086495
409 0.0303054 0.00864966
410 0.0302901 0.00864538
411 0.0302886 0.00864496
412 0.0302886 0.00864799
413 0.0302723 0.00864344
414 0.030272 0.00864335
415 0.0302736 0.00864378
416 0.0302713 0.00864315
417 0.0189072 0.00546119
418 0.00494495 0.00155177
419 -0.0136768 -0.018561
420 -0.0136803 -0.00366468
421 -0.0854713 -0.0237662
422 -0.0854731 -0.0237666
423 -0.0854731 -0.0237666
424 -0.0853654 -0.0237365
425 -0.0853685 -0.0237374
426 -0.085262 -0.0237076
427 -0.085262 -0.0237076
428 -0.0852635 -0.023708
429 -0.182171 -0.050842
430 -0.12503 -0.0348426
431 -0.125032 -0.0348432
432 -0.238802 -0.0666987
433 -0.238803 -0.0666992
434 -0.238803 -0.0666992
435 -0.238806 -0.0667254
436 -0.238806 -0.0667237
437 -0.238806 -0.0667237
438 -0.238808 -0.0667244
439 -0.238808 -0.0667244
440 -0.23881 -0.0667249
441 -0.23881 -0.0667249
442 -0.23881 -0.0667249
443 -0.23881 -0.0667249
444 -0.238814 -0.0667259
445 -0.238814 -0.0667259
446 -0.238814 -0.0667259
447 -0.238816 -0.0667266
448 -0.238816 -0.0667266
449 -0.238818 -0.0667272
450 -0.238818 -0.0667272
451 -0.238819 -0.0667275
452 -0.238819 -0.0667275
453 -0.238819 -0.0667275
454 -0.238822 -0.0667283
455 -0.238822 -0.0667283
456 -0.238824 -0.0667287
457 -0.23853 -0.0666466
458 -0.238532 -0.0666471
459 -0.238236 -0.0665642
460 -0.238238 -0.0665648
461 -0.238228 -0.0665618
462 -0.238224 -0.0665608
463 -0.238224 -0.0665608
464 -0.238224 -0.0665608
465 -0.238218 -0.0665591
466 -0.00202004 0.188534
467 -0.189409 -0.0528927
468 -0.189403 -0.0528911
469 -0.246129 -0.0687744
470 -0.246123 -0.0687726
471 -0.246123 -0.0687726
472 -0.246123 -0.0687726
473 -0.246115 -0.0687706
474 -0.246115 -0.0687706
475 -0.246107 -0.0687682
476 -0.246107 -0.0687682
477 -0.246107 -0.0687682
478 -0.246099 -0.0687659
479 -0.246099 -0.0687659
480 -0.24609 -0.0687635
481 -0.245797 -0.0684718
482 -0.245789 -0.0687038
483 -0.245782 -0.0687019
484 -0.245774 -0.0686997
485 -0.245774 -0.0686997
486 -0.245774 -0.0686997
487 -0.245768 -0.0686979
488 -0.245768 -0.0686979
489 -0.245762 -0.0686962
490 -0.245762 -0.0686962
491 -0.245761 -0.0686959
492 -0.245761 -0.0686959
493 -0.245761 -0.0686958
494 -0.245761 -0.0686958
495 -0.245761 -0.0686958
496 -0.245763 -0.0686964
497 -0.245763 -0.0686964
498 -0.245766 -0.0686972
499 -0.245766 -0.0686972
500 -0.245766 -0.0686972
501 -0.245767 -0.0686976
502 -0.245767 -0.0686976
503 -0.245767 -0.0686976
504 -0.245769 -0.0686981
505 -0.245769 -0.0686981
506 -0.245771 -0.0686986
507 -0.245771 -0.0686986
508 -0.245771 -0.0686986
509 -0.245772 -0.068699
510 -0.24548 -0.0686172
511 -0.245481 -0.0686176
512 -0.245481 -0.0686176
513 -0.245326 -0.0685742
514 -0.346468 -0.096894
515 -0.346471 -0.0968947
516 -0.346471 -0.0968947
517 -0.346474 -0.0968955
518 -0.346474 -0.0968955
519 -0.346067 -0.0967815
520 -0.346069 -0.0967823
521 -0.346065 -0.096781
522 -0.346066 -0.0967813
523 -0.346066 -0.0967813
524 -0.346066 -0.0967813
525 -0.346068 -0.0967819
526 -0.346068 -0.0967819
527 -0.34607 -0.0967825
528 -0.34607 -0.0968171
529 -0.346073 -0.0968178
530 -0.346073 -0.0968178
531 -0.346075 -0.0968185
532 -0.345669 -0.0967048
533 -0.345671 -0.0967054
534 -0.345671 -0.0967054
535 -0.345664 -0.0967033
536 -0.345667 -0.0967041
537 -0.345667 -0.0967041
538 -0.345661 -0.0967025
539 -0.345661 -0.0967025
540 -0.345661 -0.0967025
541 -0.345654 -0.0967004
542 -0.345654 -0.0967004
543 -0.345654 -0.0967004
544 -0.345655 -0.0967008
545 -0.345655 -0.0967008
546 -0.345657 -0.0967014
547 -0.345657 -0.0967014
548 -0.34566 -0.0967022
549 -0.34566 -0.0967022
550 -0.34566 -0.0967022
551 -0.345662 -0.0967028
552 -0.345662 -0.0967028
553 -0.345665 -0.0967036
554 -0.345665 -0.0967036
555 -0.345665 -0.0967036
556 -0.345667 -0.0967041
557 -0.345261 -0.0965906
558 -0.345264 -0.0965914
559 -0.345064 -0.0965353
560 -0.345065 -0.0965357
561 -0.477056 -0.133493
562 -0.477058 -0.133494
563 -0.477058 -0.133494
564 -0.477058 -0.133494
565 -0.47706 -0.133494
566 -0.47706 -0.133494
567 -0.477063 -0.133495
568 -0.477063 -0.133495
569 -0.477065 -0.133496
570 -0.477065 -0.133496
571 -0.477067 -0.133496
572 -0.477067 -0.133496
573 -0.477069 -0.133497
574 -0.477069 -0.133497
575 -0.476521 -0.132952
576 -0.476523 -0.133391
577 -0.476529 -0.133393
578 -0.47653 -0.133393
579 -0.47653 -0.133393
580 -0.476531 -0.133394
581 -0.476531 -0.133394
582 -0.476531 -0.133394
583 -0.476533 -0.133394
584 -0.476533 -0.133394
585 -0.476533 -0.133394
586 -0.476535 -0.133395
587 -0.476535 -0.133395
588 -0.476536 -0.133395
589 -0.476536 -0.133395
590 -0.476536 -0.133395
591 -0.476539 -0.133396
592 -0.476539 -0.133396
593 -0.476539 -0.133396
594 -0.47654 -0.133396
595 -0.475992 -0.133243
596 -0.475987 -0.133241
597 -0.475998 -0.133244
598 -0.475991 -0.133243
599 -0.475991 -0.133243
600 -0.475985 -0.133241
601 -0.475985 -0.133241
602 -0.475985 -0.133241
603 -0.47598 -0.133239
604 -0.47598 -0.133239
605 -0.475972 -0.133237
606 -0.475972 -0.133237
607 -0.475972 -0.133237
608 -0.475964 -0.133235
609 -0.475964 -0.133235
610 -0.475957 -0.133233
611 -0.475411 -0.13308
612 -0.475403 -0.133078
613 -0.475207 -0.133023
614 -0.475199 -0.133021
615 -0.625846 -0.175202
616 -0.625837 -0.1752
617 -0.625837 -0.1752
618 -0.625837 -0.1752
619 -0.625828 -0.175197
620 -0.625828 -0.175197
621 -0.625818 -0.175194
622 -0.625818 -0.175257
623 -0.62581 -0.175254
624 -0.62581 -0.175254
625 -0.62581 -0.175254
626 -0.625801 -0.175252
627 -0.625801 -0.175252
628 -0.625792 -0.17525
629 -0.625792 -0.17525
630 -0.625792 -0.17525
631 -0.625783 -0.175247
632 -0.625783 -0.175247
633 -0.625776 -0.175245
634 -0.625776 -0.175245
635 -0.625079 -0.17505
636 -0.62507 -0.175047
637 -0.625061 -0.175045
638 -0.625053 -0.175043
639 -0.624358 -0.174848
640 -0.624349 -0.174845
641 -0.624333 -0.174841
642 -0.624324 -0.174838
643 -0.624324 -0.174838
644 -0.624324 -0.174838
645 -0.624315 -0.174836
646 -0.624315 -0.174836
647 -0.624307 -0.174834
648 -0.624307 -0.174834
649 -0.624299 -0.174831
650 -0.624299 -0.174831
651 -0.624299 -0.174831
652 -0.624292 -0.174829
653 -0.624292 -0.174829
654 -0.62429 -0.174829
655 -0.62429 -0.174829
656 -0.62429 -0.174829
657 -0.62429 -0.174829
658 -0.624293 -0.17483
659 -0.624293 -0.17483
660 -0.624293 -0.17483
661 -0.624296 -0.17483
662 -0.623601 -0.174636
663 -0.623603 -0.174637
664 -0.62302 -0.174473
665 -0.623022 -0.174474
666 -0.623022 -0.174474
667 -0.642331 -0.17988
668 -0.642333 -0.179881
669 -0.642321 -0.179931
670 -0.642322 -0.179942
671 -0.642322 -0.179942
672 -0.642325 -0.179943
673 -0.642325 -0.179943
674 -0.642325 -0.179943
675 -0.642327 -0.179943
676 -0.642327 -0.179943
677 -0.642328 -0.179944
678 -0.642328 -0.179944
679 -0.64233 -0.179944
680 -0.64233 -0.179944
681 -0.64233 -0.179944
682 -0.642333 -0.179945
683 -0.642333 -0.179945
684 -0.642334 -0.179946
685 -0.642334 -0.179946
686 -0.642337 -0.179946
687 -0.642337 -0.179946
688 -0.642337 -0.179946
689 -0.642339 -0.179947
690 -0.642339 -0.179947
691 -0.642341 -0.179947
692 -0.642341 -0.179947
693 -0.642343 -0.179948
694 -0.642343 -0.179948
695 -0.641636 -0.17975
696 -0.641636 -0.17975
697 -0.641062 -0.179589
698 -0.641063 -0.17959
699 -0.713214 -0.199792
700 -0.713216 -0.199792
701 -0.713216 -0.199792
702 -0.713216 -0.199792
703 -0.713211 -0.199791
704 -0.713211 -0.199791
705 -0.713203 -0.199789
706 -0.71243 -0.199572
707 -0.712431 -0.199573
708 -0.712431 -0.199573
709 -0.712429 -0.199572
710 -0.712431 -0.199573
711 -0.712431 -0.199573
712 -0.712432 -0.199573
713 -0.712432 -0.199573
714 -0.712432 -0.199573
715 -0.712433 -0.199573
716 -0.712433 -0.199644
717 -0.712434 -0.199645
718 -0.712434 -0.199645
719 -0.712436 -0.199645
720 -0.712436 -0.199645
721 -0.712439 -0.199646
722 -0.712439 -0.199646
723 -0.712439 -0.199646
724 -0.712441 -0.199647
725 -0.711669 -0.19943
726 -0.711671 -0.199431
727 -0.710895 -0.199214
728 -0.710895 -0.199214
729 -0.710897 -0.199214
730 -0.709926 -0.198942
731 -0.709928 -0.198943
732 -0.836185 -0.234295
733 -0.836185 -0.234295
734 -0.836186 -0.234295
735 -0.836186 -0.234295
736 -0.835312 -0.23405
737 -0.835313 -0.234051
738 -0.835308 -0.234049
739 -0.835309 -0.23405
740 -0.835309 -0.23405
741 -0.835312 -0.234051
742 -0.834439 -0.233806
743 -0.834439 -0.233806
744 -0.834441 -0.233807
745 -0.834247 -0.233752
746 -0.834248 -0.233753
747 -0.994706 -0.278681
748 -0.994707 -0.278681
749 -0.994707 -0.278681
750 -0.994707 -0.278681
751 -0.994709 -0.278682
752 -0.994709 -0.278682
753 -0.994709 -0.278682
754 -0.994711 -0.278682
755 -0.994711 -0.278682
756 -0.994711 -0.278682
757 -0.994711 -0.278682
758 -0.994713 -0.278683
759 -0.994713 -0.278683
760 -0.994716 -0.278684
761 -0.994716 -0.278684
762 -0.994718 -0.278684
763 -0.994718 -0.278784
764 -0.994718 -0.278784
765 -0.994721 -0.278784
766 -0.994721 -0.278784
767 -0.994723 -0.278785
768 -0.994723 -0.278785
769 -0.994723 -0.278785
770 -0.994726 -0.278786
771 -0.994719 -0.278784
772 -0.994719 -0.278784
773 -0.994719 -0.278784
774 -0.994712 -0.278782
775 -0.994712 -0.278782
776 -0.994705 -0.27878
777 -0.994705 -0.27878
778 -0.994703 -0.27878
779 -0.994703 -0.27878
780 -0.994705 -0.27878
781 -0.994705 -0.27878
782 -0.994706 -0.27878
783 -0.994706 -0.27878
784 -0.994706 -0.27878
785 -0.994709 -0.278781
786 -0.994709 -0.278781
787 -0.994709 -0.278781
788 -0.99471 -0.278782
789 -0.99471 -0.278782
790 -0.994712 -0.278782
791 -0.994712 -0.278782
792 -0.994713 -0.278782
793 -0.994713 -0.278782
794 -0.994715 -0.278783
795 -0.994715 -0.278783
796 -0.994715 -0.278783
797 -0.994717 -0.278783
798 -0.994717 -0.278783
799 -0.994719 -0.278784
800 -0.994719 -0.278784
801 -0.99472 -0.278784
802 -0.99472 -0.278784
803 -0.99472 -0.278784
804 -0.994722 -0.278785
805 -0.994722 -0.278785
806 -0.994722 -0.278785
807 -0.994724 -0.278785
808 -0.994724 -0.278785
809 -0.994724 -0.278785
810 -0.994726 -0.278887
811 -0.993739 -0.278609
812 -0.99374 -0.278609
813 -0.993741 -0.27861
814 -0.993742 -0.27861
815 -0.993743 -0.27861
816 -0.993743 -0.27861
817 -0.993743 -0.27861
818 -0.993746 -0.278611
819 -0.99276 -0.278335
820 -0.992761 -0.278335
821 -0.991779 -0.27806
822 -0.991779 -0.27806
823 -0.991782 -0.278061
824 -0.991416 -0.277959
825 -0.991419 -0.277959
826 -1.01695 -0.285109
827 -1.01696 -0.28511
828 -1.01696 -0.28511
829 -1.01696 -0.28511
830 -1.01696 -0.285111
831 -1.01696 -0.285111
832 -1.01696 -0.285111
833 -1.01696 -0.285111
834 -1.01696 -0.285111
835 -1.01696 -0.285111
836 -1.01696 -0.285111
837 -1.01696 -0.285112
838 -1.01696 -0.285112
839 -1.01696 -0.28511
840 -1.01696 -0.28511
841 -1.01696 -0.28511
842 -1.01695 -0.285108
843 -1.01695 -0.285108
844 -1.01695 -0.285107
845 -1.01695 -0.285107
846 -1.01695 -0.285108
847 -1.01695 -0.285108
848 -1.01695 -0.285108
849 -1.01695 -0.285108
850 -1.01695 -0.285108
851 -1.01695 -0.285109
852 -1.01695 -0.285109
853 -1.01595 -0.284829
854 -1.01595 -0.284829
855 -1.01595 -0.284827
856 -1.01595 -0.284928
857 -1.01595 -0.284929
858 -1.01495 -0.284649
859 -1.01495 -0.28465
860 -1.01492 -0.284642
861 -1.01493 -0.284643
862 -1.01493 -0.284643
863 -1.01493 -0.284643
864 -1.01393 -0.284364
865 -1.01393 -0.284364
866 -1.01393 -0.284365
867 -1.01504 -0.284674
868 -1.01504 -0.284675
869 -1.10468 -0.309775
870 -1.10469 -0.309776
871 -1.10469 -0.309776
872 -1.10469 -0.309776
873 -1.10469 -0.309776
874 -1.10469 -0.309777
875 -1.10469 -0.309777
876 -1.10469 -0.309777
877 -1.10469 -0.309777
878 -1.10364 -0.309484
879 -1.10364 -0.309484
880 -1.10362 -0.309476
881 -1.10362 -0.309476
882 -1.10362 -0.309476
883 -1.10362 -0.309477
884 -1.10362 -0.309477
885 -1.10361 -0.309475
886 -1.10361 -0.309475
887 -1.10361 -0.309475
888 -1.10361 -0.309473
889 -1.10256 -0.30918
890 -1.10256 -0.30918
891 -1.10256 -0.309181
892 -1.10225 -0.309095
893 -1.10225 -0.309093
894 -1.26086 -0.353506
895 -1.26086 -0.353506
896 -1.26086 -0.353504
897 -1.26086 -0.353504
898 -1.26085 -0.353502
899 -1.26085 -0.353502
900 -1.26085 -0.3535
901 -1.26085 -0.3535
902 -1.26084 -0.353619
903 -1.26084 -0.353625
904 -1.26084 -0.353625
905 -1.26083 -0.353623
906 -1.26083 -0.353623
907 -1.26083 -0.353621
908 -1.26083 -0.353621
909 -1.26082 -0.353619
910 -1.26082 -0.353619
911 -1.26082 -0.353619
912 -1.26081 -0.353617
913 -1.2597 -0.353305
914 -1.25969 -0.353303
915 -1.25858 -0.352992
916 -1.25857 -0.35299
917 -1.25747 -0.352681
918 -1.25747 -0.352681
919 -1.25746 -0.352679
920 -1.25713 -0.352586
921 -1.45561 -0.408161
922 -1.45561 -0.408161
923 -1.4556 -0.408159
924 -1.45444 -0.407832
925 -1.45326 -0.407503
926 -1.45326 -0.407501
927 -1.45206 -0.407168
928 -1.45206 -0.407168
929 -1.45206 -0.407166
930 -1.45903 -0.409119
931 1.51869 1.2
932 0.985447 0.275487
