1 -1.44286e-07 2.89357e-08 0
2 -1.45526e-07 2.91836e-08 0
3 -5.81208e-08 8.21227e-09 0
4 -5.79031e-08 1.16649e-08 0
5 -1.00473e-07 2.01789e-08 0
6 -1.02536e-07 2.05915e-08 0
7 -1.42046e-07 3.00882e-08 0
8 -1.0073e-07 2.02445e-08 0
9 -5.88283e-08 1.18642e-08 0
10 0.112384 0 0.0224768
11 2.33273 0 0.511419
12 3 0 0.600466
13 2.56495 0 0.496311
14 1.3958 0 0.279884
15 0.915038 0 0.164591
16 0.919566 0 0.184728
17 1.04187 0 0.214184
18 1.09903 0 0.22312
19 1.07963 0 0.216955
20 1.06926 0 0.214572
21 1.06801 0 0.214738
22 1.05825 0 0.212502
23 1.07205 0 0.215651
24 1.0632 0 0.213634
25 1.07996 0 0.21734
26 1.06223 0 0.213793
27 1.0667 0 0.214973
28 1.063 0 0.214055
29 1.06083 0 0.213639
30 1.06684 0 0.214929
31 1.06518 0 0.214636
32 1.06616 0 0.214899
33 1.07126 0 0.21623
34 1.05839 0 0.213453
35 1.06063 0 0.214095
36 1.06291 0 0.214462
37 1.05916 0 0.213667
38 1.06681 0 0.215347
39 1.06947 0 0.216095
40 1.08206 0 0.218505
41 1.06263 0 0.213947
42 1.05943 0 0.214086
43 1.06952 0 0.216613
44 1.06798 0 0.215902
45 1.063 0 0.214812
46 1.06685 0 0.215782
47 0.985767 0 0.196421
48 0.0960371 0 0.0217185
49 -0.447339 0.108737 0
50 0.997198 0 0.259787
51 0.944012 0 0.189335
52 0.84553 0 0.171767
53 0.762198 0 0.151843
54 0.81226 0 0.165189
55 0.800268 0 0.16279
56 0.723615 0 0.14746
57 0.685593 0 0.138403
58 -0.329214 0.0630376 0
59 -0.00438532 0 0.00192822
60 -0.0393363 0.00506198 0
61 -0.000547698 0 0.00269574
62 -0.0175036 0.00137542 0
63 0.112192 0 0.0252419
64 2.29779 0 0.550014
65 2.64683 0 0.546626
66 1.55652 0 0.314601
67 0.950303 0 0.169205
68 1.16276 0 0.235945
69 1.16984 0 0.237761
70 1.09669 0 0.222848
71 1.20003 0 0.247771
72 1.14024 0 0.231677
73 1.07468 0 0.21605
74 1.04684 0 0.213106
75 1.4757 0 0.31618
76 1.27389 0 0.258662
77 1.08033 0 0.212317
78 1.17661 0 0.239314
79 2.99483 0 0.675986
80 2.97902 0 0.600097
81 2.99493 0 0.604214
82 2.99556 0 0.603704
83 2.99526 0 0.603932
84 2.99563 0 0.604018
85 3 0 0.605366
86 2.98723 0 0.602638
87 2.9903 0 0.603673
88 2.99141 0 0.603772
89 2.98931 0 0.603568
90 2.98518 0 0.602826
91 2.98287 0 0.602569
92 2.98377 0 0.602841
93 2.98702 0 0.60392
94 2.99869 0 0.606124
95 2.99876 0 0.606442
96 2.99449 0 0.605585
97 2.99586 0 0.606213
98 2.99532 0 0.606049
99 2.98329 0 0.603462
100 2.99771 0 0.606825
101 2.9983 0 0.607267
102 2.99959 0 0.607503
103 2.99572 0 0.606873
104 2.99576 0 0.607036
105 2.99513 0 0.607184
106 2.98656 0 0.605495
107 2.98536 0 0.605507
108 2.98236 0 0.604955
109 2.92551 0 0.593584
110 2.01153 0 0.374429
111 0.996444 0 0.167468
112 0.992597 0 0.207247
113 0.993347 0 0.207551
114 0.99191 0 0.207305
115 0.993811 0 0.207743
116 0.995944 0 0.208355
117 0.993602 0 0.207801
118 1 0 0.209081
119 0.996143 0 0.208309
120 -0.00863 0 0.00735462
121 -0.00323084 0 0.00865009
122 -0.00325299 0 0.0084297
123 -0.00172471 0 0.00873535
124 -0.000752722 0 0.00892975
125 0.0955047 0 0.0281812
126 0.0955155 0 0.0281834
127 0.0955155 0 0.0281929
128 0.0955155 0 0.0281929
129 0.0949948 0 0.0280888
130 0.109995 0 0.0310888
131 0.11078 0 0.0312458
132 0.11078 0 0.0312458
133 0.11078 0 0.0312458
134 0.111361 0 0.0313621
135 0.111361 0 0.0313621
136 0.10963 0 0.0310159
137 0.10963 0 0.0310159
138 0.111668 0 0.0314235
139 0.111668 0 0.0314235
140 0.111383 0 0.0313664
141 0.111383 0 0.0313664
142 0.111089 0 0.0313076
143 0.111089 0 0.0313076
144 0.111089 0 0.0313076
145 0.111089 0 0.0313076
146 0.111244 0 0.0313386
147 0.111244 0 0.0313386
148 0.110664 0 0.0312226
149 0.110664 0 0.0312226
150 0.110664 0 0.0312226
151 0.110164 0 0.0311227
152 0.127478 0 0.0345855
153 0.128417 0 0.0347732
154 0.128417 0 0.0347732
155 0.128417 0 0.0347732
156 0.126893 0 0.0344685
157 0.126893 0 0.0344685
158 0.128781 0 0.034846
159 0.128781 0 0.034846
160 0.128781 0 0.034846
161 0.128731 0 0.0348361
162 0.129241 0 0.034938
163 0.129241 0 0.034938
164 0.129241 0 0.034938
165 0.128021 0 0.034694
166 0.128021 0 0.034694
167 0.128483 0 0.0347865
168 0.128483 0 0.0347865
169 0.128839 0 0.0348576
170 0.128839 0 0.0348576
171 0.128839 0 0.0348576
172 0.127618 0 0.0346134
173 0.127618 0 0.0346134
174 0.128388 0 0.0348111
175 0.128388 0 0.0347803
176 0.128388 0 0.0347803
177 0.128357 0 0.0347741
178 0.148341 0 0.038771
179 0.148341 0 0.038771
180 0.147668 0 0.0386363
181 0.147668 0 0.0386363
182 0.148786 0 0.03886
183 0.148786 0 0.03886
184 0.147716 0 0.0386459
185 0.147716 0 0.0386459
186 0.147716 0 0.0386459
187 0.148579 0 0.0388184
188 0.148579 0 0.0388184
189 0.148579 0 0.0388184
190 0.148009 0 0.0387046
191 0.148009 0 0.0387046
192 0.149276 0 0.0389579
193 0.149276 0 0.0389579
194 0.148289 0 0.0387605
195 0.148289 0 0.0387605
196 0.148289 0 0.0387605
197 0.148289 0 0.0387605
198 0.148065 0 0.0387158
199 0.148065 0 0.0387158
200 0.14917 0 0.0389368
201 0.14917 0 0.0389368
202 0.147243 0 0.0385514
203 0.170311 0 0.0431649
204 0.16961 0 0.0430246
205 0.16961 0 0.0430246
206 0.16961 0 0.0430246
207 0.169859 0 0.0430746
208 0.169859 0 0.0430746
209 0.171863 0 0.0434753
210 0.171863 0 0.0434753
211 0.171673 0 0.0434373
212 0.171673 0 0.0434373
213 0.167559 0 0.0426145
214 0.167559 0 0.0426145
215 0.167559 0 0.0426145
216 0.171446 0 0.0433918
217 0.171446 0 0.0433918
218 0.171446 0 0.0433918
219 0.170118 0 0.0431263
220 0.170118 0 0.0431263
221 0.171743 0 0.0434514
222 0.171743 0 0.0434514
223 0.171113 0 0.0433172
224 0.171113 0 0.0433424
225 0.171113 0 0.0433424
226 0.171689 0 0.0434576
227 0.171689 0 0.0434576
228 0.171438 0 0.0434074
229 0.171438 0 0.0434074
230 0.171438 0 0.0434074
231 0.171479 0 0.0434155
232 0.198106 0 0.048741
233 0.199214 0 0.0489626
234 0.199214 0 0.0489626
235 0.199214 0 0.0489626
236 0.199214 0 0.0489626
237 0.195048 0 0.0481293
238 0.195048 0 0.0481293
239 0.195802 0 0.0482802
240 0.226537 0 0.0544273
241 0.227352 0 0.0545901
242 0.227352 0 0.0545901
243 0.227352 0 0.0545901
244 0.229643 0 0.0550484
245 0.229643 0 0.0550484
246 0.229643 0 0.0550484
247 0.228859 0 0.0548916
248 0.228859 0 0.0548916
249 0.229079 0 0.0549357
250 0.229079 0 0.0549357
251 0.229079 0 0.0549357
252 0.227952 0 0.0547102
253 0.227952 0 0.0547102
254 0.229949 0 0.0551096
255 0.229949 0 0.0551096
256 0.228011 0 0.0547221
257 0.263488 0 0.0618174
258 0.263488 0 0.0618174
259 0.262668 0 0.0616535
260 0.262668 0 0.0616535
261 0.262473 0 0.0616144
262 0.262473 0 0.0616144
263 0.265131 0 0.062146
264 0.265131 0 0.062146
265 0.265131 0 0.062146
266 0.263198 0 0.0617594
267 0.304148 0 0.0699495
268 0.302488 0 0.0696175
269 0.302488 0 0.0696175
270 0.305711 0 0.0702621
271 0.305711 0 0.0702927
272 0.305711 0 0.0702927
273 0.303965 0 0.0699435
274 0.303965 0 0.0699435
275 0.304414 0 0.0700333
276 0.304414 0 0.0700333
277 0.304414 0 0.0700333
278 0.303156 0 0.0697816
279 0.350425 0 0.0792353
280 0.34997 0 0.0791444
281 0.34997 0 0.0791444
282 0.34988 0 0.0791263
283 0.34988 0 0.0791263
284 0.407319 0 0.0906141
285 0.407319 0 0.0906141
286 0.407319 0 0.0906141
287 0.403903 0 0.0899309
288 0.403903 0 0.0899309
289 0.404424 0 0.0900352
290 0.404424 0 0.0900352
291 0.403586 0 0.0898675
292 0.403586 0 0.0898675
293 0.466566 0 0.102464
294 0.469635 0 0.103077
295 0.469635 0 0.103077
296 0.469521 0 0.103055
297 0.469521 0 0.103055
298 0.469447 0 0.10304
299 0.469447 0 0.10304
300 0.542141 0 0.117579
301 0.540569 0 0.117264
302 0.540569 0 0.117264
303 0.540569 0 0.117264
304 0.539704 0 0.117091
305 0.539704 0 0.117091
306 0.543171 0 0.117785
307 0.543171 0 0.117785
308 0.542227 0 0.117596
309 0.542227 0 0.117596
310 0.539443 0 0.117039
311 0.623356 0 0.133822
312 0.623356 0 0.133822
313 0.62672 0 0.134494
314 0.62672 0 0.134494
315 0.625322 0 0.134215
316 0.625322 0 0.134215
317 0.625322 0 0.134215
318 0.620867 0 0.133208
319 0.620867 0 0.133386
320 0.626351 0 0.134483
321 0.626351 0 0.134483
322 0.621944 0 0.133601
323 0.621944 0 0.133601
324 0.621944 0 0.133601
325 0.621234 0 0.133459
326 0.621234 0 0.133459
327 0.621049 0 0.133422
328 0.621049 0 0.133422
329 0.621049 0 0.133422
330 0.626835 0 0.134579
331 0.626835 0 0.134579
332 0.626835 0 0.134579
333 0.626038 0 0.13442
334 0.626038 0 0.13442
335 0.62115 0 0.133443
336 0.62115 0 0.133443
337 0.620444 0 0.133301
338 0.620444 0 0.133301
339 0.626007 0 0.134414
340 0.626007 0 0.134414
341 0.626007 0 0.134414
342 0.622408 0 0.133694
343 0.62664 0 0.13454
344 0.62664 0 0.13454
345 0.723505 0 0.153913
346 0.717099 0 0.152632
347 0.828904 0 0.174993
348 0.828904 0 0.174993
349 0.828611 0 0.174935
350 0.828611 0 0.174935
351 0.829446 0 0.175102
352 0.829446 0 0.175102
353 0.829446 0 0.175102
354 0.836462 0 0.176505
355 0.836462 0 0.176505
356 0.829514 0 0.175115
357 0.95855 0 0.200922
358 0.95855 0 0.200922
359 0.963966 0 0.202006
360 0.970683 0 0.203349
361 0.969757 0 0.203164
362 1.03189 0 0.21559
363 1.02579 0 0.214371
364 1.02579 0 0.214371
365 1.02579 0 0.214474
366 1.03272 0 0.215859
367 1.03272 0 0.215859
368 1.03272 0 0.215859
369 1.03149 0 0.215613
370 1.03118 0 0.21555
371 1.03118 0 0.21555
372 1.02722 0 0.214759
373 1.02722 0 0.214759
374 1.02722 0 0.214759
375 1.03157 0 0.215629
376 1.09767 0 0.22885
377 1.0911 0 0.227534
378 1.0911 0 0.227534
379 1.09237 0 0.227788
380 1.09237 0 0.227788
381 1.09721 0 0.228757
382 1.09721 0 0.228757
383 1.09737 0 0.228789
384 1.09737 0 0.228789
385 1.09268 0 0.22785
386 1.09268 0 0.22785
387 1.09268 0 0.22785
388 1.09778 0 0.22887
389 1.09778 0 0.22887
390 1.09484 0 0.228284
391 1.09484 0 0.228284
392 1.09484 0 0.228284
393 1.10045 0 0.229405
394 1.10045 0 0.229405
395 1.09481 0 0.228278
396 1.16514 0 0.242344
397 1.16514 0 0.242344
398 1.1614 0 0.241596
399 1.1614 0 0.241596
400 1.16556 0 0.242428
401 1.16556 0 0.242428
402 1.16556 0 0.242428
403 1.16752 0 0.242819
404 1.16752 0 0.242819
405 1.16344 0 0.242003
406 1.16344 0 0.242003
407 1.16431 0 0.242177
408 1.16431 0 0.242177
409 1.1634 0 0.241995
410 1.23823 0 0.25696
411 1.23699 0 0.256714
412 1.23699 0 0.256838
413 1.3166 0 0.272759
414 1.32149 0 0.273736
415 1.3712 0 0.283678
416 1.36508 0 0.282456
417 1.36508 0 0.282456
418 2.39503 0 0.488444
419 2.99547 0 0.632851
420 2.99352 0 0.608442
421 2.99352 0 0.608442
422 2.99631 0 0.609
423 2.99631 0 0.609
424 2.99631 0 0.609
425 2.99414 0 0.608567
426 2.99414 0 0.608567
427 2.99414 0 0.608567
428 2.99639 0 0.609017
429 2.99639 0 0.609017
430 2.99645 0 0.609029
431 2.99536 0 0.60881
432 2.99536 0 0.60881
433 2.99674 0 0.609087
434 2.99674 0 0.609087
435 2.99557 0 0.609105
436 2.99557 0 0.609152
437 2.99557 0 0.609152
438 2.99509 0 0.609056
439 2.99509 0 0.609056
440 2.99719 0 0.609475
441 2.99719 0 0.609475
442 3 0 0.610038
443 3 0 0.610038
444 2.99555 0 0.609148
445 2.99555 0 0.609148
446 2.99555 0 0.609148
447 2.99544 0 0.609125
448 2.99544 0 0.609125
449 2.99545 0 0.609128
450 2.99545 0 0.609128
451 2.99837 0 0.609713
452 2.99837 0 0.609713
453 2.99837 0 0.609713
454 2.99483 0 0.609004
455 2.99483 0 0.609004
456 2.99753 0 0.609545
457 2.99753 0 0.609545
458 2.99619 0 0.609275
459 2.99619 0 0.609275
460 2.9957 0 0.609179
461 2.9957 0 0.609179
462 2.99045 0 0.608127
463 2.99045 0 0.608127
464 2.99045 0 0.608127
465 2.98721 0 0.60748
466 2.98528 0 0.607316
467 2.98856 0 0.608048
468 2.98738 0 0.607813
469 2.98738 0 0.607813
470 2.98664 0 0.607664
471 2.98664 0 0.607664
472 2.98664 0 0.607664
473 2.98757 0 0.60785
474 2.98757 0 0.60785
475 2.98585 0 0.607506
476 2.98585 0 0.607506
477 2.98585 0 0.607506
478 2.98322 0 0.606981
479 2.98322 0 0.606981
480 2.98351 0 0.607039
481 2.98351 0 0.607337
482 2.98612 0 0.60786
483 2.98612 0 0.60786
484 2.98382 0 0.607399
485 2.98382 0 0.607399
486 2.98382 0 0.607399
487 2.98789 0 0.608212
488 2.98789 0 0.608212
489 2.98935 0 0.608505
490 2.98935 0 0.608505
491 2.99375 0 0.609384
492 2.99375 0 0.609384
493 2.99563 0 0.609761
494 2.99563 0 0.609761
495 2.99563 0 0.609761
496 2.9956 0 0.609754
497 2.9956 0 0.609754
498 2.99446 0 0.609526
499 2.99446 0 0.609526
500 2.99446 0 0.609526
501 2.99757 0 0.610149
502 2.99757 0 0.610149
503 2.99757 0 0.610149
504 2.99649 0 0.609932
505 2.99649 0 0.609932
506 2.99656 0 0.609946
507 2.99656 0 0.609946
508 2.99656 0 0.609946
509 2.99756 0 0.610147
510 2.99756 0 0.610147
511 2.998 0 0.610235
512 2.998 0 0.610235
513 2.99781 0 0.610196
514 2.99781 0 0.610196
515 2.99488 0 0.609612
516 2.99488 0 0.609612
517 2.99468 0 0.60957
518 2.99468 0 0.60957
519 2.99468 0 0.60957
520 2.99483 0 0.609602
521 2.99483 0 0.609602
522 2.99784 0 0.610203
523 2.99784 0 0.610203
524 2.99784 0 0.610203
525 2.99523 0 0.609681
526 2.99523 0 0.609681
527 2.99663 0 0.60996
528 2.99663 0 0.610259
529 2.99529 0 0.609992
530 2.99529 0 0.609992
531 2.99515 0 0.609965
532 2.99515 0 0.609965
533 2.99571 0 0.610077
534 2.99571 0 0.610077
535 2.99571 0 0.610077
536 2.99489 0 0.609912
537 2.99489 0 0.609912
538 2.98712 0 0.608359
539 2.98712 0 0.608359
540 2.98712 0 0.608359
541 2.98552 0 0.608038
542 2.98552 0 0.608038
543 2.98552 0 0.608038
544 2.99636 0 0.610205
545 2.99636 0 0.610205
546 2.99678 0 0.610291
547 2.99678 0 0.610291
548 2.99455 0 0.609844
549 2.99455 0 0.609844
550 2.99455 0 0.609844
551 2.99516 0 0.609967
552 2.99516 0 0.609967
553 2.99474 0 0.609882
554 2.99474 0 0.609882
555 2.99474 0 0.609882
556 2.99724 0 0.610381
557 2.99724 0 0.610381
558 2.99468 0 0.60987
559 2.99468 0 0.60987
560 2.99752 0 0.610439
561 2.99752 0 0.610439
562 2.99598 0 0.61013
563 2.99598 0 0.61013
564 2.99598 0 0.61013
565 2.99517 0 0.609969
566 2.99517 0 0.609969
567 2.99513 0 0.60996
568 2.99513 0 0.60996
569 2.99679 0 0.610292
570 2.99679 0 0.610292
571 2.99596 0 0.610127
572 2.99596 0 0.610127
573 2.99537 0 0.610008
574 2.99537 0 0.610008
575 2.99537 0 0.610308
576 2.9959 0 0.610414
577 2.9959 0 0.610414
578 2.99835 0 0.610905
579 2.99835 0 0.610905
580 2.99607 0 0.610448
581 2.99607 0 0.610448
582 2.99607 0 0.610448
583 2.99668 0 0.61057
584 2.99668 0 0.61057
585 2.99668 0 0.61057
586 2.99689 0 0.610613
587 2.99689 0 0.610613
588 2.99742 0 0.610717
589 2.99742 0 0.610717
590 2.99742 0 0.610717
591 2.9954 0 0.610314
592 2.9954 0 0.610314
593 2.9954 0 0.610314
594 2.99825 0 0.610885
595 2.99825 0 0.610885
596 2.98686 0 0.608606
597 2.98686 0 0.608606
598 2.98828 0 0.608891
599 2.98828 0 0.608891
600 2.98735 0 0.608704
601 2.98735 0 0.608704
602 2.98735 0 0.608704
603 2.98428 0 0.60809
604 2.98428 0 0.60809
605 2.98681 0 0.608596
606 2.98681 0 0.608596
607 2.98681 0 0.608596
608 2.98372 0 0.607977
609 2.98372 0 0.607977
610 2.98662 0 0.608558
611 2.98662 0 0.608558
612 2.98335 0 0.607905
613 2.98335 0 0.607905
614 2.98683 0 0.608601
615 2.98683 0 0.608601
616 2.98249 0 0.607733
617 2.98249 0 0.607733
618 2.98249 0 0.607733
619 2.98215 0 0.607663
620 2.98215 0 0.607663
621 2.98446 0 0.608127
622 2.98446 0 0.608425
623 2.98316 0 0.608164
624 2.98316 0 0.608164
625 2.98316 0 0.608164
626 2.98274 0 0.608081
627 2.98274 0 0.608081
628 2.98558 0 0.608648
629 2.98558 0 0.608648
630 2.98558 0 0.608648
631 2.98193 0 0.607918
632 2.98193 0 0.607918
633 2.98702 0 0.608936
634 2.98702 0 0.608936
635 2.98702 0 0.608936
636 2.9817 0 0.607872
637 2.9817 0 0.607872
638 2.98365 0 0.608262
639 2.98365 0 0.608262
640 2.9831 0 0.608153
641 2.9831 0 0.608153
642 2.98559 0 0.608651
643 2.98559 0 0.608651
644 2.98559 0 0.608651
645 2.98201 0 0.607934
646 2.98201 0 0.607934
647 2.98587 0 0.608706
648 2.98587 0 0.608706
649 2.98608 0 0.608748
650 2.98608 0 0.608748
651 2.98608 0 0.608748
652 2.98509 0 0.60855
653 2.98509 0 0.60855
654 2.99794 0 0.61112
655 2.99794 0 0.61112
656 3 0 0.611532
657 3 0 0.611532
658 2.99565 0 0.610663
659 2.99565 0 0.610663
660 2.99565 0 0.610663
661 2.99428 0 0.610389
662 2.99428 0 0.610389
663 2.99696 0 0.610924
664 2.99696 0 0.610924
665 2.9962 0 0.610773
666 2.9962 0 0.610773
667 2.9962 0 0.610773
668 2.99511 0 0.610553
669 2.99511 0 0.610853
670 2.9974 0 0.611313
671 2.9974 0 0.611313
672 2.9949 0 0.610812
673 2.9949 0 0.610812
674 2.9949 0 0.610812
675 2.99556 0 0.610944
676 2.99556 0 0.610944
677 2.99772 0 0.611376
678 2.99772 0 0.611376
679 2.995 0 0.610833
680 2.995 0 0.610833
681 2.995 0 0.610833
682 2.9946 0 0.610752
683 2.9946 0 0.610752
684 2.99828 0 0.611488
685 2.99828 0 0.611488
686 2.99457 0 0.610745
687 2.99457 0 0.610745
688 2.99457 0 0.610745
689 2.99568 0 0.610967
690 2.99568 0 0.610967
691 2.9969 0 0.611212
692 2.9969 0 0.611212
693 2.99547 0 0.610925
694 2.99547 0 0.610925
695 2.99549 0 0.61093
696 2.99549 0 0.61093
697 2.99549 0 0.61093
698 2.99839 0 0.611511
699 2.99839 0 0.611511
700 2.99716 0 0.611263
701 2.99716 0 0.611263
702 2.99716 0 0.611263
703 2.98625 0 0.609082
704 2.98625 0 0.609082
705 2.98434 0 0.6087
706 2.98434 0 0.6087
707 2.99645 0 0.611123
708 2.99645 0 0.611123
709 2.99645 0 0.611123
710 2.9977 0 0.611372
711 2.9977 0 0.611372
712 2.99767 0 0.611365
713 2.99767 0 0.611365
714 2.99767 0 0.611365
715 2.99761 0 0.611353
716 2.99761 0 0.611653
717 2.99789 0 0.61171
718 2.99789 0 0.61171
719 2.99545 0 0.611222
720 2.99545 0 0.611222
721 2.99468 0 0.611069
722 2.99468 0 0.611069
723 2.99468 0 0.611069
724 2.99509 0 0.61115
725 2.99509 0 0.61115
726 2.99679 0 0.611489
727 2.99679 0 0.611489
728 2.99679 0 0.611489
729 2.99508 0 0.611148
730 2.99508 0 0.611148
731 2.99738 0 0.611607
732 2.99738 0 0.611607
733 2.99738 0 0.611607
734 2.99797 0 0.611726
735 2.99797 0 0.611726
736 2.99797 0 0.611726
737 2.99647 0 0.611427
738 2.99647 0 0.611427
739 2.99781 0 0.611693
740 2.99781 0 0.611693
741 2.99493 0 0.611118
742 2.99493 0 0.611118
743 2.99493 0 0.611118
744 2.99602 0 0.611336
745 2.99602 0 0.611336
746 2.99824 0 0.611779
747 2.99824 0 0.611779
748 2.99659 0 0.61145
749 2.99659 0 0.61145
750 2.99659 0 0.61145
751 2.9954 0 0.611212
752 2.9954 0 0.611212
753 2.9954 0 0.611212
754 2.99793 0 0.611717
755 2.99793 0 0.611717
756 2.9989 0 0.611911
757 2.9989 0 0.611911
758 2.99495 0 0.611122
759 2.99495 0 0.611122
760 2.99558 0 0.611248
761 2.99558 0 0.611248
762 2.99535 0 0.611201
763 2.99535 0 0.6115
764 2.99535 0 0.6115
765 2.99499 0 0.611429
766 2.99499 0 0.611429
767 2.99467 0 0.611366
768 2.99467 0 0.611366
769 2.99467 0 0.611366
770 2.99482 0 0.611394
771 2.984 0 0.60923
772 2.984 0 0.60923
773 2.984 0 0.60923
774 2.98476 0 0.609384
775 2.98476 0 0.609384
776 2.98172 0 0.608774
777 2.98172 0 0.608774
778 2.99654 0 0.611739
779 2.99654 0 0.611739
780 2.99654 0 0.611739
781 2.99766 0 0.611964
782 2.99758 0 0.611947
783 2.99758 0 0.611947
784 2.99758 0 0.611947
785 2.99467 0 0.611364
786 2.99467 0 0.611364
787 2.99467 0 0.611364
788 2.99716 0 0.611863
789 2.99716 0 0.611863
790 2.99758 0 0.611947
791 2.99758 0 0.611947
792 2.9972 0 0.611871
793 2.9972 0 0.611871
794 2.99569 0 0.611569
795 2.99569 0 0.611569
796 2.99569 0 0.611569
797 2.99507 0 0.611445
798 2.99507 0 0.611445
799 2.99779 0 0.61199
800 2.99779 0 0.61199
801 2.99765 0 0.611961
802 2.99765 0 0.611961
803 2.99765 0 0.611961
804 2.99472 0 0.611375
805 2.99472 0 0.611375
806 2.99472 0 0.611375
807 2.99719 0 0.611868
808 2.99719 0 0.611868
809 2.99719 0 0.611868
810 2.99681 0 0.612077
811 2.99681 0 0.612093
812 2.99831 0 0.612394
813 2.99831 0 0.612394
814 2.99846 0 0.612424
815 2.99666 0 0.612062
816 2.99666 0 0.612062
817 2.99666 0 0.612062
818 2.99459 0 0.611649
819 2.99459 0 0.611649
820 2.99824 0 0.61238
821 2.99824 0 0.61238
822 2.99824 0 0.61238
823 2.99482 0 0.611695
824 2.99482 0 0.611695
825 2.99664 0 0.612059
826 2.99664 0 0.612059
827 2.99519 0 0.611768
828 2.99519 0 0.611768
829 2.99519 0 0.611768
830 2.9959 0 0.61191
831 2.9959 0 0.61191
832 2.99527 0 0.611786
833 2.99527 0 0.611786
834 2.99854 0 0.612439
835 2.99854 0 0.612439
836 2.99854 0 0.612439
837 2.99547 0 0.611825
838 2.99547 0 0.611825
839 2.98394 0 0.609519
840 2.98394 0 0.609519
841 2.98394 0 0.609519
842 2.98286 0 0.609303
843 2.98286 0 0.609303
844 2.98662 0 0.610056
845 2.98662 0 0.610056
846 2.99473 0 0.611677
847 2.99473 0 0.611677
848 2.99473 0 0.611677
849 2.99738 0 0.612208
850 2.99738 0 0.612208
851 2.99649 0 0.612029
852 2.99649 0 0.612029
853 2.99649 0 0.612029
854 2.99544 0 0.61182
855 2.99544 0 0.61182
856 2.99544 0 0.612119
857 2.99775 0 0.61258
858 2.99775 0 0.61258
859 2.99558 0 0.612147
860 2.99558 0 0.612147
861 2.99678 0 0.612387
862 2.99678 0 0.612387
863 2.99826 0 0.612681
864 2.99826 0 0.612681
865 2.99826 0 0.612681
866 2.99587 0 0.612203
867 2.99587 0 0.612203
868 2.99477 0 0.611984
869 2.99477 0 0.611984
870 2.99741 0 0.612513
871 2.99741 0 0.612513
872 3 0 0.61303
873 3 0 0.61303
874 2.996 0 0.612231
875 2.996 0 0.612231
876 2.9992 0 0.612871
877 2.9992 0 0.612871
878 2.9992 0 0.612871
879 2.99515 0 0.61206
880 2.99515 0 0.61206
881 2.99793 0 0.612616
882 2.99793 0 0.612616
883 2.99575 0 0.61218
884 2.99575 0 0.61218
885 2.9843 0 0.60989
886 2.9843 0 0.60989
887 2.9843 0 0.60989
888 2.98433 0 0.609896
889 2.98433 0 0.609896
890 2.98433 0 0.609896
891 2.99491 0 0.612012
892 2.99491 0 0.612012
893 2.98838 0 0.610707
894 2.98838 0 0.610707
895 2.98838 0 0.610707
896 2.98858 0 0.610747
897 2.98858 0 0.610747
898 2.98672 0 0.610374
899 2.98672 0 0.610374
900 2.9881 0 0.610651
901 2.9881 0 0.610651
902 2.9867 0 0.610614
903 2.9867 0 0.61067
904 2.9867 0 0.61067
905 2.98664 0 0.610658
906 2.98664 0 0.610658
907 2.98664 0 0.610657
908 2.98664 0 0.610657
909 2.98622 0 0.610573
910 2.98622 0 0.610573
911 2.98622 0 0.610573
912 2.98628 0 0.610586
913 2.98628 0 0.610586
914 2.98742 0 0.610814
915 2.98742 0 0.610814
916 2.9864 0 0.61061
917 2.9864 0 0.61061
918 2.9864 0 0.61061
919 2.98674 0 0.610678
920 2.98598 0 0.610526
921 2.98598 0 0.610526
922 2.98598 0 0.610526
923 2.9865 0 0.61063
924 2.98638 0 0.610605
925 2.98638 0 0.610605
926 2.9863 0 0.610588
927 2.9863 0 0.610588
928 2.9863 0 0.610588
929 2.98616 0 0.61056
930 2.98616 0 0.61056
931 2.98656 0 0.610957
932 2.99375 0 0.612378
